18
17
14
19
39
20
24
29
15
8
45
43
40
27
34
55
36
17
13
15
18
14
60
44
13
35
43
9
16
24
49
17
45
41
12
50
18
33
16
18
37
45
24
17
39
26
45
24
8
16
44
15
39
18
28
11
18
50
16
33
36
33
50
54
12
18
29
14
13
34
18
31
39
14
36
11
42
8
45
28
50
21
11
36
9
42
18
23
15
33
40
21
13
28
23
60
24
24
17
17
14
36
28
20
15
18
20
17
15
39
50
28
12
39
23
21
20
24
14
18
39
40
41
17
15
20
24
8
26
45
26
17
50
15
9
28
38
45
36
50
16
30
24
21
23
21
19
43
23
45
15
33
15
30
12
36
21
20
31
40
11
21
36
50
12
24
18
36
14
15
36
18
55
21
27
15
30
33
23
45
18
17
50
23
44
44
20
18
19
15
44
15
18
44
34
33
11
15
39
23
27
40
28
18
14
24
11
55
9
12
23
12
38
27
23
30
34
21
21
17
24
50
18
45
28
14
21
16
50
34
17
38
17
33
31
11
15
12
30
40
26
45
60
23
51
15
14
30
24
46
13
23
36
20
15
18
17
18
24
19
21
30
27
18
14
27
17
55
24
29
8
21
17
12
20
35
44
20
36
45
34
29
40
21
13
23
39
42
24
18
29
17
27
39
9
9
45
27
36
26
15
41
23
27
33
21
17
21
20
34
15
50
51
17
8
19
20
14
29
17
49
45
51
26
24
16
44
12
20
12
8
13
13
24
47
28
35
15
35
38
51
44
43
43
20
34
33
55
15
30
14
8
28
40
39
40
23
19
15
45
8
36
45
31
40
11
45
11
33
19
23
23
28
18
35
31
40
12
24
17
8
24
38
36
13
20
8
39
16
9
28
13
41
20
13
24
55
50
38
26
12
16
34
23
26
12
24
15
12
14
12
21
39
15
18
12
33
24
18
36
39
34
39
55
15
20
20
34
18
18
18
8
31
40
29
15
24
18
31
36
15
14
15
55
18
38
28
36
21
24
29
21
24
17
21
21
12
18
17
30
24
21
29
38
12
21
36
50
34
18
50
49
29
19
38
20
44
44
21
29
21
8
21
17
20
31
14
36
21
36
34
12
17
24
41
34
9
50
26
34
24
39
26
24
23
33
50
27
15
59
23
30
8
18
34
18
23
44
17
14
14
39
15
31
21
18
41
28
34
60
23
21
17
24
40
19
15
38
23
24
17
18
13
29
34
12
40
35
39
14
18
31
19
20
17
45
27
19
9
29
36
17
14
23
11
23
20
20
12
11
45
18
45
46
15
18
36
14
19
40
34
17
54
13
18
28
60
33
36
36
8
24
18
30
15
41
14
50
15
39
30
14
50
14
20
24
15
18
40
51
20
17
11
16
36
20
18
15
21
28
41
11
23
19
21
51
8
17
8
29
23
40
39
20
8
44
14
36
13
39
33
16
13
29
39
41
43
12
20
28
16
9
26
14
26
19
24
40
23
24
23
15
18
14
24
15
20
12
60
11
14
11
35
50
36
30
21
21
14
45
12
34
30
21
9
14
31
19
15
11
12
17
31
8
24
28
13
41
17
20
28
18
15
9
24
12
18
45
12
36
34
12
28
13
9
24
24
44
44
39
34
44
27
17
27
20
41
39
23
15
33
33
23
17
45
26
43
12
8
8
33
23
33
45
15
18
21
35
29
15
27
50
39
36
15
26
26
15
14
19
37
28
40
35
51
9
55
34
16
36
38
44
15
60
33
24
17
45
14
40
20
54
12
18
29
39
17
24
43
34
23
18
12
19
24
36
33
17
16
14
24
31
43
21
18
39
60
45
45
31
8
29
21
31
18
27
33
19
44
55
30
20
20
39
24
16
29
55
45
24
11
27
26
31
24
45
36
8
30
23
36
14
23
31
51
24
39
21
28
18
18
29
45
13
21
27
33
19
46
17
15
11
23
23
17
24
41
18
13
23
11
28
50
49
40
37
18
18
19
27
14
44
14
18
23
14
49
40
23
38
15
39
24
17
33
23
29
17
14
17
20
40
18
41
18
18
41
27
16
13
24
15
15
41
39
15
36
45
42
17
50
23
27
15
24
13
8
41
30
21
21
18
20
36
8
12
20
38
9
8
20
16
24
17
35
21
43
30
36
19
45
55
23
13
17
34
44
33
44
40
17
40
16
23
21
17
12
26
9
35
39
21
50
17
24
21
42
13
14
12
23
28
15
21
35
24
20
12
36
35
40
12
39
45
21
44
36
35
45
39
