12
14
20
26
12
12
27
24
9
37
21
21
21
18
23
14
12
32
20
40
20
14
14
8
24
11
24
18
30
16
36
31
18
24
20
31
29
43
50
36
20
15
12
8
21
13
8
28
12
21
39
9
27
23
34
14
27
22
25
20
36
15
12
44
12
36
28
18
12
24
21
17
26
16
21
20
41
19
31
25
24
28
36
27
14
27
16
22
41
8
28
17
44
14
34
31
27
33
34
29
32
8
29
12
26
21
31
21
16
31
23
20
24
17
16
24
31
26
27
12
26
22
14
9
32
17
28
21
14
20
28
14
20
24
32
20
27
15
24
34
27
17
18
22
16
27
14
24
26
22
39
36
50
36
23
32
23
11
23
13
24
21
33
22
28
15
12
17
43
17
8
40
31
9
29
18
24
28
21
30
23
24
28
60
11
36
26
16
24
12
25
31
33
22
14
36
8
24
11
23
15
24
45
24
22
21
17
22
29
16
28
32
27
14
18
16
28
28
29
22
21
13
15
13
28
28
40
14
37
24
20
14
18
11
13
16
36
15
8
27
24
20
24
19
18
28
19
23
15
28
14
36
28
15
13
31
30
28
23
31
27
21
17
24
16
60
13
36
21
9
34
22
27
23
9
15
28
12
16
51
17
13
28
11
28
15
24
45
12
24
20
12
27
19
13
16
13
31
24
21
25
18
24
17
24
20
14
26
22
17
21
18
19
13
32
15
19
45
22
45
22
16
18
8
14
23
13
8
13
16
9
45
31
24
18
14
21
23
45
20
27
22
24
21
27
13
12
12
18
16
13
14
34
36
16
36
17
15
24
18
51
33
16
21
24
12
12
8
24
18
14
15
18
23
21
17
21
28
27
24
24
28
27
39
28
24
19
15
31
17
8
19
15
20
18
21
23
15
12
13
28
29
18
14
36
17
20
12
23
9
14
15
14
24
23
12
24
24
17
31
31
15
9
9
44
16
20
20
27
12
24
23
27
36
41
12
34
39
30
20
13
40
34
18
23
40
11
31
11
9
36
27
14
16
30
31
17
30
14
31
13
8
12
24
24
13
24
26
23
17
21
20
15
40
17
24
28
60
19
41
15
14
8
12
35
18
22
13
11
19
50
23
28
18
26
17
16
17
13
14
21
36
30
18
39
19
27
26
24
24
23
24
14
12
36
60
18
45
21
29
27
22
12
28
14
34
33
21
16
27
23
22
44
18
21
9
26
17
11
14
16
33
24
9
28
9
21
16
37
18
39
20
20
27
15
20
31
12
45
15
21
16
28
24
23
12
12
24
39
24
17
9
23
60
14
8
30
22
23
23
11
13
14
20
27
24
13
55
17
39
33
31
21
18
12
28
24
37
23
9
60
18
13
16
20
14
39
12
33
44
20
27
11
24
29
17
24
44
20
17
28
15
22
32
19
18
55
12
22
11
32
18
50
23
13
35
45
36
24
18
13
16
34
18
13
20
11
34
28
13
45
13
11
13
41
12
24
14
22
33
34
31
29
22
30
8
34
11
32
21
14
34
27
28
8
16
31
21
31
11
14
18
23
30
13
24
18
21
18
19
8
39
39
12
28
33
37
24
17
40
17
22
40
34
21
11
37
17
26
20
24
24
24
33
20
39
14
31
27
12
18
18
32
23
24
18
32
14
29
16
36
28
17
23
27
34
20
15
12
22
9
14
18
55
27
22
16
12
18
14
8
51
16
51
34
17
36
17
35
19
17
38
17
17
13
17
29
17
17
28
50
18
41
12
21
13
21
35
12
36
14
21
22
9
22
14
23
18
24
36
21
50
21
26
16
23
15
31
9
20
18
23
24
17
29
23
44
27
28
55
18
36
23
12
21
16
51
24
24
8
19
45
12
23
20
35
22
9
18
17
14
9
20
9
24
23
17
21
21
21
21
17
20
16
39
32
24
15
18
50
36
30
31
18
21
18
9
27
13
20
18
19
15
23
32
13
23
15
12
15
33
16
14
20
50
36
28
18
24
33
17
41
39
24
19
24
23
9
28
23
15
17
14
34
24
21
20
21
18
18
36
8
16
14
34
28
20
15
31
40
23
14
38
21
37
60
14
14
60
18
39
14
8
21
18
14
26
17
41
29
15
28
26
14
26
31
28
33
19
23
41
36
21
39
26
10
27
41
21
33
28
23
24
18
12
8
11
28
19
24
12
16
26
21
51
21
24
13
13
12
36
12
23
21
33
12
55
35
25
24
12
18
21
17
20
17
23
27
20
16
18
24
43
16
27
12
18
18
40
27
