21
9
15
17
18
23
23
14
27
22
15
24
11
16
31
26
44
12
29
18
24
25
12
25
23
25
38
12
34
20
22
23
13
33
20
18
27
39
15
15
13
24
20
20
14
39
24
20
23
20
17
9
34
27
44
26
14
26
28
8
29
12
24
18
17
50
23
17
16
29
29
22
18
27
25
25
16
20
31
24
9
14
22
21
19
15
22
21
18
18
20
12
9
21
27
24
14
31
22
27
15
21
18
24
26
23
18
39
26
18
17
8
9
15
18
15
21
20
14
17
28
21
8
23
17
33
19
34
34
31
29
27
18
33
20
24
23
24
16
31
17
15
13
33
28
36
34
17
21
12
15
14
21
40
24
24
19
14
40
30
16
20
12
22
28
24
17
24
9
17
21
24
21
30
21
21
20
28
17
29
27
15
28
26
33
13
33
43
26
16
19
45
28
25
28
16
32
28
39
14
9
37
18
16
12
24
16
14
24
12
15
36
28
28
30
16
12
16
18
24
12
18
38
24
20
23
8
14
22
17
34
34
26
15
23
27
31
21
29
43
16
18
50
28
24
23
23
15
45
21
23
43
17
27
24
13
21
21
39
18
20
12
29
31
12
18
8
11
39
22
20
16
27
15
22
29
34
16
26
20
20
28
24
35
17
32
18
28
18
23
14
44
35
11
12
25
23
19
20
21
17
12
24
31
14
13
21
14
26
21
32
20
26
18
18
24
13
24
28
21
24
24
20
18
29
23
15
32
8
38
9
18
17
33
23
20
20
20
18
25
29
12
22
22
21
15
23
23
29
50
18
17
36
23
24
26
25
38
36
26
12
18
18
18
9
15
23
20
15
25
21
20
8
26
13
15
21
17
22
29
12
39
32
24
26
17
26
31
24
28
21
23
23
15
44
16
32
24
28
14
18
24
34
20
23
27
19
28
34
15
18
22
17
33
18
20
23
21
19
20
20
15
19
28
18
28
27
11
29
12
17
22
15
17
21
11
20
26
23
24
34
24
33
25
18
25
31
20
18
9
8
24
31
23
21
24
11
39
17
33
17
17
23
30
16
40
23
23
25
19
34
33
21
32
16
11
15
24
20
25
38
29
24
30
27
23
14
29
31
28
18
22
31
23
23
35
27
22
31
18
35
20
15
17
19
16
18
36
26
36
23
22
18
24
14
29
15
19
25
24
29
33
17
30
12
16
23
18
34
15
17
25
23
12
31
31
17
17
25
29
12
26
35
13
45
12
17
19
12
23
31
29
12
17
22
16
32
27
23
12
32
12
19
9
33
39
29
21
13
9
29
22
29
12
18
17
11
16
38
33
17
11
37
20
33
28
23
21
15
27
14
16
21
12
21
24
9
18
17
12
24
12
14
35
15
41
18
14
12
18
30
26
13
15
25
16
18
29
28
28
19
8
34
15
29
29
18
24
18
29
33
33
24
9
17
21
23
21
29
23
13
19
29
9
14
25
32
16
22
20
21
23
8
17
18
17
12
23
17
13
19
29
28
34
20
17
15
28
19
18
29
27
23
24
27
34
18
20
8
18
14
13
18
18
18
17
20
23
20
36
25
31
12
14
24
11
9
18
22
13
34
33
17
41
17
20
23
22
18
28
28
17
24
35
28
28
23
20
31
32
11
12
21
34
15
24
23
36
12
21
18
18
26
12
22
25
15
24
30
17
28
39
25
16
31
22
18
29
18
19
24
23
24
16
34
37
21
14
12
18
11
28
25
38
12
9
20
30
8
32
18
50
33
29
50
12
17
21
33
12
12
21
15
17
17
18
28
21
33
35
15
25
12
23
15
24
25
20
28
18
11
19
22
30
16
11
20
21
31
17
29
18
14
28
21
18
9
9
33
22
19
38
19
33
19
15
23
35
34
19
36
27
23
35
8
24
12
15
33
12
22
50
20
17
28
18
16
32
24
33
23
34
14
26
37
27
17
21
12
30
26
21
9
20
34
24
29
23
24
20
26
8
21
39
20
23
18
18
30
19
20
20
23
18
23
34
30
35
29
17
12
15
32
12
39
15
20
17
16
37
11
14
25
27
29
20
31
32
21
17
11
24
9
27
18
28
34
23
30
24
28
13
21
29
16
23
17
32
31
15
24
24
21
28
19
39
19
20
19
34
16
16
12
12
23
14
27
17
15
18
17
14
15
18
26
33
34
27
27
17
26
19
11
27
33
24
16
28
23
36
12
13
20
21
26
31
12
32
16
28
12
18
15
24
12
15
25
35
23
27
13
28
24
23
35
15
34
23
24
34
