1   7
2   7
5   7
4   15
4   15
10   7
11   7
8   15
12   7
8   15
3   23
3   23
3   23
15   7
16   7
6   23
7   23
6   23
7   23
6   23
7   23
17   7
18   7
9   26
19   7
21   7
9   31
9   31
9   31
23   7
13   26
14   26
25   7
14   31
14   31
14   31
13   34
20   26
22   23
27   15
22   23
27   15
22   23
24   23
31   7
24   23
24   23
13   42
28   15
33   7
28   15
20   34
34   7
13   47
13   47
13   47
26   26
32   15
32   15
20   39
20   39
20   39
37   7
38   7
39   7
40   7
29   26
36   15
36   15
26   34
42   7
30   26
26   39
26   39
26   39
29   34
41   15
41   15
35   26
30   34
43   15
43   15
47   7
29   39
29   39
29   39
49   7
30   39
30   39
30   39
35   34
35   39
48   15
50   15
35   39
48   15
50   15
35   39
53   7
45   23
45   23
45   23
44   26
55   7
46   26
52   15
52   15
56   7
54   15
54   15
58   7
59   7
44   34
60   7
51   23
51   23
51   23
46   34
57   15
61   7
62   7
57   15
63   7
44   42
46   42
64   7
44   47
44   47
44   47
46   47
67   7
46   47
46   47
68   7
70   7
71   7
72   7
75   7
69   15
69   15
66   23
77   7
66   23
66   23
65   26
78   7
65   31
65   31
65   31
82   7
74   23
74   23
74   23
73   26
76   23
76   23
76   23
80   15
80   15
85   7
86   7
83   15
87   7
83   15
73   34
79   26
81   23
81   23
81   23
90   7
73   42
92   7
89   15
93   7
89   15
79   34
84   26
73   50
91   15
91   15
95   7
79   42
88   26
84   34
96   7
73   55
73   55
73   55
97   7
84   39
84   39
84   39
79   50
88   34
99   7
100   7
94   23
94   23
94   23
98   15
98   15
79   58
88   42
79   66
88   50
79   74
88   58
79   82
88   66
88   71
88   71
88   71
79   90
79   98
79   106
79   114
79   119
79   119
79   119
