20
27
15
34
20
29
14
29
18
27
24
39
26
22
21
36
15
26
15
28
23
13
15
30
23
41
40
38
15
33
9
17
32
17
41
33
28
39
29
29
18
8
24
16
8
39
43
27
12
31
18
33
15
24
23
21
15
23
12
14
34
33
36
21
29
23
28
17
9
36
29
14
33
23
33
27
11
24
20
44
24
17
49
20
24
21
33
11
9
17
49
18
34
31
19
35
18
27
15
20
28
24
27
31
30
36
24
19
9
36
14
21
36
23
20
24
12
8
17
14
20
17
21
17
16
30
27
8
39
30
36
28
27
29
36
31
26
24
14
54
23
36
17
24
15
8
24
18
28
19
15
36
31
14
38
18
36
41
21
24
9
36
30
12
19
43
20
36
14
38
9
36
27
23
8
24
19
21
16
27
17
33
31
30
26
12
30
32
22
16
18
30
23
24
15
17
12
12
9
18
13
34
24
15
24
25
24
24
18
27
36
28
21
13
12
15
34
14
8
33
31
24
11
36
31
23
30
17
16
29
30
16
25
14
20
20
39
19
13
23
17
31
19
14
24
24
33
50
12
33
30
17
13
44
24
33
34
24
29
33
15
23
15
20
20
8
13
34
29
18
18
35
17
23
50
24
18
8
12
17
29
18
27
28
17
43
28
33
9
24
21
17
29
31
49
44
39
41
34
28
27
26
50
30
20
21
9
28
28
24
15
34
24
19
15
24
31
21
15
19
9
46
19
37
24
18
21
28
14
28
30
18
31
18
28
25
21
37
19
36
27
29
23
29
26
21
21
17
13
39
24
20
28
18
18
12
18
17
17
29
32
31
28
31
14
38
21
34
21
31
24
19
24
21
27
13
26
29
24
15
41
24
39
33
28
29
43
23
43
13
28
34
27
28
17
23
26
18
24
15
9
20
39
29
18
31
38
24
30
24
34
36
31
13
38
13
11
21
16
12
14
28
26
17
50
18
18
17
21
13
29
23
26
26
26
22
28
26
24
25
24
14
37
39
18
44
18
38
41
34
17
20
14
30
37
21
18
29
14
24
19
18
19
39
18
31
12
11
28
36
20
8
45
11
28
21
9
23
20
15
18
24
34
23
17
17
39
19
8
27
17
34
14
20
27
24
17
29
31
16
20
30
23
24
18
21
33
12
36
21
23
18
33
34
18
34
15
22
43
24
30
28
23
24
24
44
10
28
20
19
8
34
30
20
34
18
17
19
11
50
22
14
28
24
39
24
23
18
13
31
12
17
21
30
58
32
27
25
30
25
21
33
20
23
39
28
41
26
16
28
31
33
13
44
18
21
31
39
36
23
31
19
8
26
24
8
33
29
17
35
15
34
18
31
17
28
39
24
30
28
20
29
21
29
23
18
12
36
20
13
17
18
44
24
15
18
38
36
23
24
24
12
34
18
8
23
11
15
33
27
12
9
43
30
8
39
31
9
24
12
39
24
24
34
17
33
29
29
36
24
14
38
18
28
33
27
18
19
32
10
36
17
31
28
25
43
20
33
24
20
17
15
35
26
17
19
21
15
22
24
18
27
17
28
21
16
44
15
12
31
31
30
10
30
17
18
8
20
30
16
15
24
29
21
30
19
17
36
20
33
24
35
29
47
41
32
37
41
30
21
21
36
28
24
28
18
26
14
36
16
18
40
23
41
24
24
24
24
36
33
23
9
39
14
21
17
19
16
50
8
33
20
18
24
24
27
45
28
19
40
23
12
39
24
24
16
17
50
26
21
22
21
37
38
27
28
18
15
22
23
36
15
34
19
17
55
28
20
17
30
21
23
39
24
21
41
23
40
14
54
27
21
23
28
34
30
30
12
37
11
24
9
36
19
18
17
16
18
11
56
43
36
24
20
41
26
17
27
23
18
24
9
33
12
15
39
29
24
15
32
20
15
13
33
36
33
23
19
23
23
20
24
18
24
53
26
18
21
29
44
12
59
19
33
27
18
40
20
45
32
26
18
29
12
34
20
24
28
23
36
21
27
16
11
29
50
22
14
33
23
39
16
33
33
30
14
51
14
46
27
21
11
30
8
33
20
14
44
33
30
28
18
9
15
34
19
28
28
20
34
24
27
14
34
15
15
18
43
17
17
37
27
22
11
38
21
24
24
36
21
31
33
27
30
39
36
34
24
12
27
45
39
18
37
36
13
46
33
26
24
37
19
38
8
24
23
15
19
27
14
19
15
30
30
9
31
23
14
8
33
24
44
28
43
11
40
18
36
25
30
27
29
16
27
31
27
19
12
19
37
